193
69  432.38  336.00  13.62
70  432.00  342.78  14.00
71  432.00  359.30  14.00
72  432.33  366.00  13.67
73  432.50  367.93  13.64
74  432.53  368.20  13.64
75  433.36  373.55  13.58
76  433.59  374.92  13.54
77  433.65  375.23  13.54
78  434.16  378.04  13.49
79  434.82  381.20  13.36
80  435.06  382.24  13.34
81  435.82  385.27  13.34
82  436.10  386.23  13.30
83  436.40  387.20  13.28
84  437.43  390.28  13.28
85  439.65  396.12  13.02
86  439.81  396.52  13.01
87  440.40  397.80  12.97
88  442.24  401.48  12.97
89  444.67  405.67  12.67
90  445.50  407.00  12.62
91  447.31  409.71  12.62
92  449.48  412.78  12.52
93  449.60  412.93  12.50
94  451.25  414.75  12.37
95  459.13  422.63  12.37
96  459.26  422.74  12.36
97  460.62  423.84  12.30
98  462.11  424.96  12.30
99  464.67  426.77  12.21
100  465.23  427.15  12.20
101  467.53  428.69  12.20
102  471.29  431.07  12.10
103  471.82  431.39  12.09
104  472.60  431.80  12.07
105  473.08  432.04  12.07
106  478.68  434.64  11.89
107  479.23  434.88  11.88
108  480.25  435.25  11.86
109  484.32  436.61  11.86
110  487.57  437.55  11.73
111  489.33  438.02  11.62
112  490.73  438.35  11.57
113  495.73  439.35  11.57
114  496.15  439.43  11.57
115  496.57  439.46  11.54
116  504.63  439.96  11.04
117  506.00  440.00  11.00
118  514.00  440.00  11.00
119  515.37  439.96  11.04
120  522.05  439.54  11.46
121  523.42  439.34  11.43
122  524.78  439.10  11.44
123  526.92  438.66  11.53
124  531.26  437.68  11.64
125  532.82  437.26  11.61
126  534.32  436.80  11.64
127  537.18  435.83  11.79
128  539.38  434.95  11.79
129  540.28  434.57  11.81
130  541.14  434.18  11.85
131  546.30  431.60  11.85
132  547.60  430.90  11.90
133  551.86  428.42  12.20
134  553.77  427.15  12.20
135  554.33  426.77  12.21
136  556.89  424.96  12.30
137  558.38  423.84  12.30
138  559.74  422.74  12.36
139  559.87  422.63  12.37
140  564.75  417.75  12.37
141  565.69  416.75  12.41
142  569.97  411.98  12.77
143  570.31  411.59  12.80
144  570.66  411.11  12.81
145  572.47  408.55  12.90
146  572.73  408.15  12.90
147  573.58  406.79  12.95
148  575.57  403.37  13.19
149  579.80  394.90  13.19
150  580.58  393.19  13.26
151  580.70  392.90  13.28
152  582.60  387.20  13.28
153  582.90  386.23  13.30
154  584.86  379.51  13.57
155  585.14  378.28  13.54
156  585.35  377.23  13.54
157  586.45  371.24  13.63
158  586.52  370.81  13.64
159  586.58  370.36  13.65
160  587.28  364.15  13.72
161  587.47  360.35  13.53
162  587.50  359.00  13.50
163  587.50  346.00  13.50
164  587.47  344.78  13.53
165  587.25  339.98  13.75
166  586.57  334.08  13.59
167  586.53  333.77  13.58
168  586.38  332.77  13.56
169  585.71  328.76  13.56
170  585.30  326.78  13.48
171  585.06  325.74  13.46
172  584.07  321.77  13.46
173  582.90  317.77  13.30
174  582.60  316.80  13.28
175  582.52  316.57  13.28
176  581.52  313.83  13.20
177  581.24  313.10  13.18
178  580.96  312.41  13.18
179  579.06  308.18  12.99
180  578.60  307.20  12.97
181  575.62  301.25  12.97
182  575.60  301.20  12.97
183  575.10  300.34  12.95
184  573.24  297.23  12.95
185  572.01  295.40  12.83
186  571.00  294.00  12.80
187  570.95  293.95  12.80
188  566.95  289.04  12.74
189  566.58  288.60  12.74
190  566.00  288.00  12.73
191  564.41  286.41  12.73
192  559.30  281.74  12.41
193  558.74  281.26  12.36
194  557.38  280.16  12.30
195  555.89  279.04  12.30
196  553.85  277.60  12.23
197  553.30  277.26  12.17
198  552.72  276.91  12.12
199  549.60  275.10  11.90
200  549.11  274.82  11.87
201  543.99  272.01  11.64
202  542.33  271.19  11.65
203  541.52  270.82  11.68
204  537.29  269.27  11.55
205  536.65  269.05  11.54
206  533.77  268.09  11.54
207  530.61  267.17  11.42
208  529.76  266.94  11.40
209  526.68  266.17  11.40
210  525.76  265.98  11.36
211  524.60  265.77  11.35
212  522.06  265.38  11.38
213  517.56  265.06  11.06
214  516.00  265.00  11.00
215  503.00  265.00  11.00
216  501.44  265.06  11.06
217  496.94  265.38  11.38
218  494.40  265.77  11.35
219  493.24  265.98  11.36
220  492.32  266.17  11.40
221  489.24  266.94  11.40
222  488.39  267.17  11.42
223  485.23  268.09  11.54
224  482.35  269.05  11.54
225  480.81  269.62  11.60
226  480.01  269.96  11.66
227  475.86  271.82  11.85
228  470.70  274.40  11.85
229  469.00  275.34  11.93
230  468.84  275.45  11.94
231  464.76  278.34  12.07
232  464.45  278.56  12.09
233  461.34  280.83  12.25
234  459.36  282.45  12.23
235  458.34  283.34  12.25
236  456.35  285.15  12.37
237  455.25  286.25  12.37
238  454.47  287.06  12.40
239  451.41  290.42  12.61
240  449.34  292.95  12.57
241  448.52  294.01  12.60
242  447.99  294.74  12.63
243  446.42  296.95  12.71
244  446.08  297.45  12.73
245  445.62  298.14  12.78
246  443.21  302.15  12.78
247  443.05  302.43  12.76
248  442.60  303.30  12.75
249  441.60  305.30  12.75
250  441.15  306.26  12.77
251  438.94  311.18  12.99
252  438.63  311.88  13.03
253  438.16  313.03  13.12
254  435.55  320.85  13.12
255  435.08  322.42  13.17
256  434.74  323.71  13.26
257  433.91  327.38  13.35
258  433.82  327.80  13.36
259  433.16  330.96  13.49
260  432.65  333.77  13.54
261  432.44  335.09  13.59
193
69  70
69  261
70  71
71  72
72  73
73  74
74  75
75  76
76  77
77  78
78  79
79  80
80  81
81  82
82  83
83  84
84  85
85  86
86  87
87  88
88  89
89  90
90  91
91  92
92  93
93  94
94  95
95  96
96  97
97  98
98  99
99  100
100  101
101  102
102  103
103  104
104  105
105  106
106  107
107  108
108  109
109  110
110  111
111  112
112  113
113  114
114  115
115  116
116  117
117  118
118  119
119  120
120  121
121  122
122  123
123  124
124  125
125  126
126  127
127  128
128  129
129  130
130  131
131  132
132  133
133  134
134  135
135  136
136  137
137  138
138  139
139  140
140  141
141  142
142  143
143  144
144  145
145  146
146  147
147  148
148  149
149  150
150  151
151  152
152  153
153  154
154  155
155  156
156  157
157  158
158  159
159  160
160  161
161  162
162  163
163  164
164  165
165  166
166  167
167  168
168  169
169  170
170  171
171  172
172  173
173  174
174  175
175  176
176  177
177  178
178  179
179  180
180  181
181  182
182  183
183  184
184  185
185  186
186  187
187  188
188  189
189  190
190  191
191  192
192  193
193  194
194  195
195  196
196  197
197  198
198  199
199  200
200  201
201  202
202  203
203  204
204  205
205  206
206  207
207  208
208  209
209  210
210  211
211  212
212  213
213  214
214  215
215  216
216  217
217  218
218  219
219  220
220  221
221  222
222  223
223  224
224  225
225  226
226  227
227  228
228  229
229  230
230  231
231  232
232  233
233  234
234  235
235  236
236  237
237  238
238  239
239  240
240  241
241  242
242  243
243  244
244  245
245  246
246  247
247  248
248  249
249  250
250  251
251  252
252  253
253  254
254  255
255  256
256  257
257  258
258  259
259  260
260  261
0
193
