179
1  284.63  457.11  12.39
2  282.92  454.54  12.39
3  281.85  452.70  12.52
4  279.80  448.60  12.52
5  279.60  448.19  12.53
6  278.70  445.46  12.54
7  278.17  443.46  12.67
8  277.72  441.43  12.72
9  277.62  440.48  12.62
10  277.50  438.00  12.50
11  277.50  433.00  12.50
12  277.69  429.92  12.69
13  278.10  426.61  13.10
14  278.29  425.82  13.10
15  278.56  424.85  13.12
16  278.61  424.67  13.12
17  279.16  423.03  13.12
18  279.63  421.88  13.03
19  280.40  420.20  12.97
20  281.40  418.20  12.97
21  282.30  416.56  13.04
22  283.18  415.34  13.09
23  283.75  414.75  13.08
24  290.33  408.17  13.08
25  290.79  407.79  13.02
26  294.21  405.42  12.95
27  294.52  405.24  12.97
28  300.20  402.40  12.97
29  301.88  401.63  13.03
30  303.26  401.06  13.14
31  310.16  398.62  13.28
32  316.85  396.55  13.12
33  317.82  396.27  13.12
34  323.47  394.76  13.22
35  353.46  387.14  13.34
36  354.33  386.90  13.32
37  355.21  386.63  13.32
38  362.94  384.19  13.44
39  365.38  383.37  13.44
40  367.23  382.69  13.38
41  368.99  381.98  13.39
42  369.50  381.75  13.42
43  378.25  377.37  13.42
44  378.98  376.95  13.36
45  382.44  374.56  13.44
46  382.50  374.50  13.44
47  389.50  367.50  13.44
48  390.53  366.41  13.48
49  391.34  365.23  13.45
50  392.00  364.00  13.42
51  393.75  360.50  13.42
52  394.90  357.95  13.30
53  395.34  356.91  13.28
54  395.82  355.21  13.22
55  395.98  354.57  13.22
56  396.62  351.16  13.01
57  397.00  348.19  13.00
58  397.00  348.00  13.00
59  397.00  343.92  13.00
60  396.72  340.00  12.72
61  396.56  338.44  12.66
62  396.24  336.94  12.61
63  395.88  335.53  12.61
64  395.14  332.97  12.51
65  394.85  332.05  12.49
66  394.43  330.79  12.49
67  393.73  329.09  12.36
68  393.00  327.50  12.30
69  392.00  325.50  12.30
70  391.30  324.21  12.34
71  391.27  324.15  12.34
72  390.03  322.29  12.34
73  389.22  321.19  12.28
74  387.70  319.30  12.30
75  386.77  318.27  12.37
76  383.73  315.23  12.37
77  380.58  312.42  12.14
78  379.85  311.78  12.11
79  378.69  310.96  12.06
80  377.93  310.46  12.06
81  375.60  309.10  11.90
82  374.30  308.40  11.85
83  370.30  306.40  11.85
84  369.41  305.98  11.87
85  367.41  305.08  11.96
86  364.41  303.98  11.87
87  362.88  303.48  11.88
88  359.92  302.62  11.99
89  354.88  301.48  11.87
90  353.47  301.21  11.88
91  351.82  300.94  11.94
92  345.43  300.54  11.54
93  344.00  300.50  11.50
94  331.00  300.50  11.50
95  329.37  300.56  11.56
96  322.85  301.02  12.02
97  322.30  301.10  12.02
98  321.64  301.20  12.03
99  317.05  301.99  12.16
100  316.62  302.08  12.16
101  315.14  302.42  12.21
102  312.71  303.06  12.36
103  309.49  304.00  12.49
104  306.05  305.15  12.49
105  304.39  305.77  12.55
106  301.89  306.81  12.75
107  296.30  309.60  12.75
108  294.90  310.35  12.79
109  293.49  311.18  12.90
110  291.85  312.27  12.90
111  289.79  313.79  13.02
112  289.33  314.17  13.08
113  280.75  322.75  13.08
114  280.18  323.34  13.09
115  278.30  326.15  13.09
116  277.43  327.63  13.19
117  274.22  334.06  13.19
118  273.34  336.17  13.03
119  272.40  338.85  12.98
120  271.58  341.66  13.10
121  271.52  341.90  13.10
122  268.62  343.98  10.78
158  375.89  462.11  12.73
159  372.71  464.71  12.32
160  371.85  465.39  12.24
161  370.72  466.09  12.12
162  367.60  467.90  11.90
163  366.30  468.60  11.85
164  364.30  469.60  11.85
165  363.45  470.01  11.87
166  363.41  470.02  11.87
167  358.35  471.87  11.71
168  356.84  472.37  11.72
169  355.71  472.70  11.76
170  352.60  473.47  11.76
171  348.82  474.26  11.61
172  347.41  474.51  11.60
173  346.96  474.56  11.60
174  339.35  475.30  11.70
175  334.96  475.48  11.52
176  334.00  475.50  11.50
177  332.00  475.50  11.50
178  331.12  475.48  11.52
179  324.73  475.24  11.76
180  318.11  474.57  11.60
181  317.86  474.54  11.60
182  316.73  474.35  11.57
183  313.54  473.71  11.57
184  311.74  473.30  11.53
185  310.35  472.95  11.54
186  306.27  471.76  11.70
187  304.30  471.10  11.70
188  304.03  471.01  11.70
189  302.76  470.48  11.72
190  299.86  469.18  11.85
191  296.70  467.60  11.85
192  295.00  466.66  11.93
193  293.48  465.52  12.04
194  292.99  465.11  12.11
195  290.13  462.63  12.37
196  285.25  457.75  12.37
200  393.54  438.03  9.65
201  390.08  440.53  12.41
202  389.19  441.12  13.07
203  388.60  443.15  12.98
204  387.97  445.02  12.98
205  387.60  445.80  12.97
206  384.76  451.48  12.97
207  384.58  451.79  12.95
208  383.73  453.15  12.90
209  381.98  455.78  12.90
210  381.69  456.13  12.85
211  380.00  458.00  12.73
217  388.53  440.21  12.21
243  271.54  341.93  13.07
216  379.00  428.00  0.00
199  399.20  433.60  4.80
260  276.60  348.40  6.60
123  260.90  350.24  3.90
178
1  2
1  196
2  3
3  4
4  5
5  6
6  7
7  8
8  9
9  10
10  11
11  12
12  13
13  14
14  15
15  16
16  17
17  18
18  19
19  20
20  21
21  22
22  23
23  24
24  25
25  26
26  27
27  28
28  29
29  30
30  31
31  32
32  33
33  34
34  35
35  36
36  37
37  38
38  39
39  40
40  41
41  42
42  43
43  44
44  45
45  46
46  47
47  48
48  49
49  50
50  51
51  52
52  53
53  54
54  55
55  56
56  57
57  58
58  59
59  60
60  61
61  62
62  63
63  64
64  65
65  66
66  67
67  68
68  69
69  70
70  71
71  72
72  73
73  74
74  75
75  76
76  77
77  78
78  79
79  80
80  81
81  82
82  83
83  84
84  85
85  86
86  87
87  88
88  89
89  90
90  91
91  92
92  93
93  94
94  95
95  96
96  97
97  98
98  99
99  100
100  101
101  102
102  103
103  104
104  105
105  106
106  107
107  108
108  109
109  110
110  111
111  112
112  113
113  114
114  115
115  116
116  117
117  118
118  119
119  120
120  121
121  122
121  243
122  123
158  159
158  211
159  160
160  161
161  162
162  163
163  164
164  165
165  166
166  167
167  168
168  169
169  170
170  171
171  172
172  173
173  174
174  175
175  176
176  177
177  178
178  179
179  180
180  181
181  182
182  183
183  184
184  185
185  186
186  187
187  188
188  189
189  190
190  191
191  192
192  193
193  194
194  195
195  196
200  201
201  202
202  203
202  217
203  204
204  205
205  206
206  207
207  208
208  209
209  210
210  211
243  260
216  217
199  200
